Kinase Uniprot ID	Kinase Name	Mean Specificity Score	Mean Significance Score	Mean Final Score	Median Final score	Mean Kinase Statistic	Median Kinase Statistic	SD Kinase Statitistic	Mean peptide set size
P21860	HER3	2.28523446705652	0.887195513180078	3.1724299802366	3.41116827440579	0.678848752615426	0.668406849346228	0.0488815246511602	45.2222222222222
P12931	Src	1.98053177135314	0.916361720365129	2.89689349171827	3.19654288435159	0.65000788376664	0.661393731860568	0.0505852789206002	41.1111111111111
Q16288	TRKC	2.16435055923929	0.97469413473523	3.13904469397452	2.97469413473523	0.909866485229577	0.916742906803153	0.0726438416720861	16.8888888888889
P54764	EphA4	1.7235451859665	0.97469413473523	2.69823932070173	2.8955128886876	1.28573678151546	1.29202523434153	0.0778613429158699	4.44444444444444
P29322	EphA8	1.87997779241541	0.97469413473523	2.85467192715064	2.83304352038345	1.34934198865477	1.38852167876574	0.185418871475744	4.125
P00519	Abl	1.75617313499384	0.858029305995027	2.61420244098886	2.67366413907125	0.602220838407616	0.623572187337912	0.0868059765461925	53.2222222222222
H0Y8A4	RYK	1.59606890628602	0.97469413473523	2.57076304102125	2.59448289302362	1.03173437720505	0.997941623924287	0.124259549025886	7.11111111111111
P51451	BLK	1.90028645289967	0.940793256059183	2.84107970895886	2.59448289302362	0.823584901913377	0.833496976342835	0.205537024474894	22.4444444444444
Q16620	TRKB	1.70178856377072	0.906892377383136	2.60868094115386	2.49757288001557	0.783585950019059	0.802079348752468	0.0387251751859383	19.4444444444444
Q9UM73	ALK	1.27496024563053	0.755325351485676	2.0302855971162	2.37263414340727	0.557571100691644	0.555593588096856	0.0499784682253253	44
P43405	Syk	1.45754907849469	0.799696891624926	2.25724597011962	2.26504023872755	0.503613396595004	0.499203201024536	0.0147910649235491	80
P29320	EphA3	1.30200018843613	0.97469413473523	2.27669432317136	2.20390451276194	1.00080100769067	1.00080100769067	0.115837293037893	4.5
P42684	Arg	1.65778008608802	0.799696891624926	2.45747697771294	2.15589576930249	0.600121444088079	0.552024126805428	0.111935748019868	50.7777777777778
P21709	EphA1	1.04652765925678	0.97469413473523	2.02122179399201	2.05716608387517	0.892368964546086	0.898760669094308	0.0416722468721637	5.16666666666667
Q9H3Y6	Srm	1.50801968369554	0.770530684439875	2.27855036813542	2.0494404383882	0.606647002970945	0.58657427581791	0.0751970122147145	44.3333333333333
Q15375	EphA7	1.05675463741376	0.97469413473523	2.03144877214899	2.03144877214899	1.10902988831659	1.10902988831659	0	3
P06213	InSR	1.00888226002806	0.945527927550179	1.95441018757824	2.00156628113553	0.609091233374927	0.619834906237888	0.0343666884253609	24
Q6ZMQ8	Lmr1	0.925565745712698	0.97469413473523	1.90025988044793	1.91023614550831	1.02675842879966	1.02675842879966	0	3
P14616	IRR	0.892139730213614	0.97469413473523	1.86683386494884	1.84758933637042	0.90852794196446	0.81689042140483	0.125479842810881	4.2
P06239	Lck	0.833517112316586	0.945527927550179	1.77904503986677	1.79285054679046	0.53705589723065	0.537945428657648	0.0648062777495609	30.3333333333333
P54756	EphA5	0.772927898132765	0.869695788869048	1.64262368700181	1.79285054679046	0.794935456590311	0.843324886664865	0.086784607812976	4.8
P08069	IGF1R	1.21687076682261	0.770530684439875	1.98740145126249	1.77769981882621	0.738788237155968	0.65886390027744	0.139788129457136	15.7777777777778
P42685	FRK	0.982155464914564	0.770530684439875	1.75268614935444	1.76771559791961	0.514261444369797	0.509468190090911	0.0191524615288796	53.2222222222222
P04629	TRKA	0.876893905398866	0.945527927550179	1.82242183294905	1.72918146692108	0.648001949249965	0.65375295517927	0.120293230790057	12.3333333333333
P07947	Yes	0.973973561256631	0.97469413473523	1.94866769599186	1.72918146692108	0.603670041189962	0.523579262176376	0.182040664122665	24.7777777777778
P07948	Lyn	0.804706522034215	0.881203462236879	1.68590998427109	1.71942162963192	0.543729315617859	0.561755881846044	0.0847359027782621	21.7777777777778
Q04912	Ron	0.884086601190842	0.828863098809977	1.71294970000082	1.70359809830786	0.801607949867382	0.748568074190692	0.131776646830535	7.22222222222222
Q05397	FAK1	1.04905130921667	0.741364477254825	1.7904157864715	1.70359809830786	0.538154049559681	0.521018960191459	0.0525839537502799	45.7777777777778
P08631	HCK	1.03222397840024	0.97469413473523	2.00691811313547	1.6780289444737	0.527515180486355	0.518379728717108	0.126715001026935	28.1111111111111
P06241	Fyn	0.681466448171213	0.97469413473523	1.65616058290644	1.57329359395369	0.546221213407666	0.518384000632775	0.0671337431300535	15.8888888888889
Q14289	FAK2	0.809225115795981	0.680371473825802	1.48959658962178	1.56921568153325	0.521943060382423	0.534996832771735	0.0503919565433211	36.6666666666667
P29376	LTK	0.883193668898133	0.685604003050736	1.56879767194887	1.52970714024957	0.644610802146347	0.642367519473017	0.0403097273027742	14.1111111111111
P43403	ZAP70	0.861723554556919	0.712198270069774	1.57392182462669	1.51354118311535	0.466926423607059	0.468038440990896	0.0267492589825503	70
P35968	KDR	0.709348401427506	0.741364477254825	1.45071287868233	1.50807828741385	0.551078257500057	0.551290534722395	0.0549173190476715	18.8888888888889
P35916	FLT4	0.757615559478491	0.66908975765379	1.42670531713228	1.42439654013955	0.575444285859542	0.566017483752975	0.172060145545591	14.7777777777778
Q12866	Mer	0.65003322856333	0.712198270069774	1.3622314986331	1.4199421987133	0.466417954789934	0.463462817105198	0.0469722668588066	52.7777777777778
P08581	Met	0.71463863409186	0.650987338722556	1.36562597281442	1.38178449672058	0.523878410884779	0.50787233916496	0.0903697966965841	32.2222222222222
P29317	EphA2	0.47429332417752	0.858029305995027	1.33232263017255	1.37046808165076	0.53099207503894	0.512344705377354	0.0684722600094554	8.22222222222222
P29323	EphB2	0.619066137851303	0.712198270069774	1.33126440792108	1.33126440792108	0.697152457488059	0.697152457488059	0	4
P42679	CTK	0.525301504593116	0.686145596850805	1.21144710144392	1.26504023872755	0.452726264602093	0.47646449205218	0.0848817837750096	30.6666666666667
P09769	Fgr	0.848330124458817	0.681573738555499	1.52990386301432	1.19898067000184	0.62799205333235	0.573477708799444	0.197646729227885	8.11111111111111
P10721	Kit	0.420923472264627	0.495675263371451	0.916598735636078	1.19898067000184	0.387906584662075	0.495453293662978	0.189166737425431	17.2222222222222
P07333	FmS/CSFR	0.495648422649195	0.760060022976672	1.25570844562587	1.18957928369366	0.548242883998475	0.515742294406418	0.159902979273213	9.33333333333333
Q15303	HER4	0.489051946394914	0.615562632609215	1.10461457900413	1.1607482720969	0.469064561019805	0.472683024213054	0.079832556522638	30.7777777777778
P16234	PDGFR[alpha]	0.491550303717123	0.756984622063387	1.24853492578051	1.14165533018788	0.553375566230264	0.515916696166638	0.110993137811585	6.22222222222222
P07332	Fes	0.667942643848332	0.627520556501329	1.29546320034966	1.01313872970996	0.580486928041962	0.495866001956851	0.235852084265866	13.6666666666667
P07949	Ret	0.42265877067929	0.534308594200537	0.956967364879827	1.00944804683624	0.428497401118336	0.466255167064074	0.0958422866856634	17.6666666666667
P41240	CSK	0.377916070463187	0.508478632335577	0.886394702798764	0.958781067387363	0.409484227943413	0.436232193854187	0.0535228416767662	44.4444444444444
Q13308	CCK4/PTK7	0.435618265774786	0.519993057042849	0.955611322817636	0.956511971648439	0.586901890320176	0.586901890320176	0	3
P54762	EphB1	0.469700796166529	0.544828195488748	1.01452899165528	0.951316001357483	0.568508816191625	0.522801014112699	0.102033436101889	4.25
P00533	EGFR	0.196856598017325	0.636918767389984	0.833775365407309	0.926868435059007	0.352192891959614	0.368493458176185	0.0395165521490874	49.2222222222222
P42680	TEC	0.433779694323955	0.403003857950829	0.836783552274784	0.896168922772931	0.429486577198202	0.425911613683783	0.0239882858050063	41.4444444444444
P42681	TXK	0.463649061253909	0.515050844647758	0.978699905901667	0.861747840859395	0.421995660538885	0.446997463448804	0.0873405621441496	31.1111111111111
P30530	Axl	0.428142419276951	0.519961312670407	0.948103731947358	0.861406816513719	0.42307221465536	0.402207322041797	0.0721260186606592	63.1111111111111
Q08345	DDR1	0.441935443573221	0.391473966422806	0.833409409996027	0.837590939778932	0.588644806752987	0.588644806752987	0	3
Q13882	Brk	0.290282831405441	0.552789740771906	0.843072572177347	0.833356787780556	0.387513900339339	0.389138215578407	0.0171713587551276	68.5555555555556
P51813	Etk/BMX	0.387193067223293	0.456164490325447	0.84335755754874	0.756287457646944	0.416615367727042	0.408957671512515	0.0260357861460318	34.5555555555556
P36888	FLT3	0.260962218074933	0.286622483037007	0.54758470111194	0.750351677566438	0.28506338813133	0.41554855269249	0.219129368350589	14.1428571428571
P23458	JAK1~b	0.347806103769843	0.474880027704091	0.822686131473934	0.729272104537681	0.457160390909027	0.41738911090828	0.0795425600014947	5.5
P04626	HER2	0.290655130737289	0.482212029532159	0.772867160269448	0.647585919909329	0.390820724763048	0.369438104677477	0.0797100312414596	33.5555555555556
Q06418	Tyro3/Sky	0.255965419057925	0.418101493803308	0.674066912861233	0.639899091243039	0.381159456392974	0.376130885917512	0.0285880536831868	46.7777777777778
P16591	Fer	0.189978422724558	0.307615740484023	0.497594163208582	0.61482287118157	0.295846157457253	0.359449859562043	0.124736410248476	15.3333333333333
Q06187	BTK	0.285744291710492	0.431817613761918	0.71756190547241	0.614737008294398	0.379551040316075	0.35488216654601	0.0912383486670711	23.8888888888889
P21802	FGFR2	0.232804862920962	0.254374971324268	0.487179834245229	0.505678401756502	0.078735234914553	0.0808757230496932	0.340914842456093	11.8888888888889
P11362	FGFR1	0.121922599741137	0.212463169347196	0.334385769088333	0.40820105426946	0.235870803845304	0.266689066606014	0.0886223260084478	17.5555555555556
P54760	EphB4	0.136083029410576	0.238072161579471	0.374155190990047	0.374155190990047	0.226383596475633	0.226383596475633	0	3
Q08881	ITK	0.0806223774226912	0.309022650288173	0.389645027710864	0.348935307995961	0.270025931323267	0.275567931998681	0.0209260744405628	39.5555555555556
P22455	FGFR4	0.111002916394438	0.224433323969013	0.335436240363451	0.335109927046723	0.227229266557895	0.245981350486656	0.114604322150037	23.2222222222222
P22607	FGFR3	0.104147689127533	0.114045447121793	0.218193136249326	0.257168075227163	0.0222928271023444	0.0292627598790913	0.212279428630932	11.6666666666667
P54753	EphB3	0.109020403010311	0.0476919903378748	0.156712393348186	0.156712393348186	0.188003886472011	0.188003886472011	NA	4
P09619	PDGFR[beta]	0.075922729042892	0.0509764298612235	0.126899158904116	0.102320136890234	0.169950639533064	0.149510890601625	0.0520618544945115	13.8888888888889
O60674	JAK2	0.0108047648509903	0.0695666670801777	0.080371431931168	0.0591330334592593	0.0736786416063386	0.0638206321128651	0.0248568817190947	23.8888888888889
P52333	JAK3	0.0238855204963676	0	0.0238855204963676	0.0231916626619338	0.0177805037463108	0.0517040082118807	0.0402283276222852	5.55555555555556
P17948	FLT1	0.0107277325163815	0.0240513662745346	0.0347790987909161	0.00261361560268669	-0.000152769485655287	0.00175817298814816	0.0615778377400564	24
P29597	Tyk2	0.000193213047250865	0	0.000193213047250865	0	-0.000553445223732962	-0.000553445223732962	0	4
